29
3
-2
-9.5
0
11
-61.5
42
0
5
-110.5
41
0
12
1265
-265.5
0
3
247.5
-9.5
0
5
355.5
-109
0
3
466
-160
0
3
711.5
-160
0
5
887.5
-160.5
0
5
887.5
-62
0
5
887
-260.5
0
3
776.5
-310
0
3
526.5
-310.5
0
5
356
-309.5
0
5
356
-209.5
0
5
356.5
-408
0
3
460.5
-457.5
0
3
710.5
-457.5
0
13
459.5
-256.5
0
18
368
-219.5
0
6
639
-260
0
6
639
-240
0
7
852.5
-215.5
0
7
877
-142.5
0
7
389.5
-360
0
7
369
-311
0
14
715.5
-407.5
0
15
755
-386
0
7
757
-390.5
0
